Table 2 auxiliary material: slip model

From Delouis at al., Geophysical Research Letters, 
2010

Slip distribution of the February 27, 2010 Mw = 8.8 
Maule Earthquake (Central Chile) from static and high
rate GPS, InSAR, and broadband teleseismic data

Data ordering:

lat(degrees), lon(degrees), z(km), rake(degrees),slip(cm),
ontime(s)
 
lat,lon,z are the coordinates  of the subfault centers.
 
rake is the slip angle (Aki s convention, e.g. rake=+45 
means left lateral reverse movement.
 
ontime is the rupture onset time of the subfault.
 
All subfaults are 40 km long along strike and 40 km wide 
along dip.


     lat        lon        z        rake    slip ontime

   -39.001   -72.138    81.082     111.0    43.  142.5
   -38.652   -72.023    81.082     102.0    91.  122.3
   -38.304   -71.908    81.082     112.1     3.  106.2
   -37.956   -71.794    81.082     111.9     3.   92.1
   -37.608   -71.679    81.082     114.0   114.   79.0
   -37.259   -71.564    81.082     105.5   113.   66.7
   -36.911   -71.450    81.082     106.7    23.   64.3
   -36.563   -71.335    81.082     108.7    14.   66.0
   -36.215   -71.220    81.082     105.4     3.   70.0
   -35.867   -71.106    81.082     100.0   113.   81.3
   -35.518   -70.991    81.082     104.3   110.  109.0
   -35.170   -70.877    81.082     103.8     5.  103.3
   -34.822   -70.762    81.082     100.1    57.  106.5
   -34.474   -70.647    81.082     106.7     3.  120.8
   -34.125   -70.533    81.082     115.4    36.  139.8
   -33.777   -70.418    81.082     114.7     3.  142.3
   -33.429   -70.303    81.082     115.7     3.  146.9
   -33.081   -70.189    81.082     108.9     3.  163.1
   -38.912   -72.545    68.721     105.4     3.  134.3
   -38.564   -72.430    68.721     115.7     3.  115.4
   -38.215   -72.315    68.721     113.3     3.   96.7
   -37.867   -72.201    68.721     102.8     3.   80.6
   -37.519   -72.086    68.721     107.7     3.   65.6
   -37.171   -71.971    68.721     102.3     4.   55.2
   -36.822   -71.857    68.721     102.6    84.   50.5
   -36.474   -71.742    68.721     100.4     4.   47.9
   -36.126   -71.627    68.721     113.6     3.   52.9
   -35.778   -71.513    68.721     103.5     3.   64.5
   -35.430   -71.398    68.721     106.4     3.   77.2
   -35.081   -71.283    68.721     101.0     4.   89.4
   -34.733   -71.169    68.721     103.3     3.   98.0
   -34.385   -71.054    68.721     119.9     3.  110.6
   -34.037   -70.939    68.721     118.2    39.  134.0
   -33.688   -70.825    68.721     103.7     3.  131.4
   -33.340   -70.710    68.721     100.1    19.  135.5
   -32.992   -70.596    68.721     117.6     3.  147.9
   -38.823   -72.952    56.361     113.6    90.  132.2
   -38.475   -72.837    56.361     110.2     3.  110.1
   -38.127   -72.722    56.361     118.3     3.   90.3
   -37.778   -72.608    56.361     105.9     3.   71.4
   -37.430   -72.493    56.361     107.0     3.   55.2
   -37.082   -72.378    56.361     110.9     3.   41.7
   -36.734   -72.264    56.361     117.1     3.   32.6
   -36.385   -72.149    56.361     120.0    85.   29.7
   -36.037   -72.034    56.361     120.0   205.   37.0
   -35.689   -71.920    56.361     118.2     3.   49.0
   -35.341   -71.805    56.361     115.9     3.   63.7
   -34.993   -71.690    56.361     109.5     3.   76.0
   -34.644   -71.576    56.361     110.2     3.   87.9
   -34.296   -71.461    56.361     116.9     3.  100.1
   -33.948   -71.346    56.361     103.4     3.  110.6
   -33.600   -71.232    56.361     106.2     3.  121.0
   -33.251   -71.117    56.361     103.9     3.  129.1
   -32.903   -71.002    56.361     116.8     3.  135.7
   -38.734   -73.359    44.000     113.1    60.  133.8
   -38.386   -73.244    44.000     117.8   285.  111.4
   -38.038   -73.129    44.000     117.8    99.   83.8
   -37.690   -73.015    44.000     108.6     4.   66.6
   -37.341   -72.900    44.000     100.0    58.   47.0
   -36.993   -72.785    44.000     100.0    98.   31.3
   -36.645   -72.671    44.000     120.0   348.   18.0
   -36.297   -72.556    44.000     120.0   586.   14.0
   -35.949   -72.441    44.000     120.0    92.   23.5
   -35.600   -72.327    44.000     119.6   236.   42.2
   -35.252   -72.212    44.000     117.9    64.   55.0
   -34.904   -72.097    44.000     119.9   333.   68.5
   -34.556   -71.983    44.000     115.0   393.   76.0
   -34.207   -71.868    44.000     100.0   562.   95.0
   -33.859   -71.753    44.000     100.0   160.   99.7
   -33.511   -71.639    44.000     114.4     3.  111.0
   -33.163   -71.524    44.000     116.2     3.  121.3
   -32.815   -71.409    44.000     100.1     3.  133.3
   -38.646   -73.766    31.639     118.2    89.  143.5
   -38.297   -73.651    31.639     120.0   221.  127.3
   -37.949   -73.536    31.639     120.0   488.   96.5
   -37.601   -73.422    31.639     100.0   340.   66.5
   -37.253   -73.307    31.639     100.0   505.   46.5
   -36.904   -73.192    31.639     102.4  1064.   23.2
   -36.556   -73.078    31.639     117.4   665.   13.5
   -36.208   -72.963    31.639     112.4   376.    0.0 Hypo
   -35.860   -72.848    31.639     109.7   425.   16.0
   -35.512   -72.734    31.639     109.2  1067.   34.5
   -35.163   -72.619    31.639     100.0  1409.   45.8
   -34.815   -72.504    31.639     105.9  2129.   67.2
   -34.467   -72.390    31.639     102.6  1153.   81.0
   -34.119   -72.275    31.639     100.0   629.   76.0
   -33.770   -72.160    31.639     104.9     3.   92.4
   -33.422   -72.046    31.639     108.0     3.  103.5
   -33.074   -71.931    31.639     114.3     3.  116.4
   -32.726   -71.816    31.639     100.2     3.  129.1
   -38.557   -74.173    19.279     110.8    23.  137.0
   -38.209   -74.058    19.279     116.9   162.  103.5
   -37.860   -73.943    19.279     100.0   532.   76.5
   -37.512   -73.829    19.279     117.2   319.   66.6
   -37.164   -73.714    19.279     106.5   898.   48.5
   -36.816   -73.599    19.279     105.3  1269.   36.0
   -36.467   -73.485    19.279     100.0   313.   19.8
   -36.119   -73.370    19.279     100.3   785.   13.0
   -35.771   -73.255    19.279     100.0   439.   22.5
   -35.423   -73.141    19.279     104.0  1112.   41.5
   -35.075   -73.026    19.279     100.0   613.   54.2
   -34.726   -72.911    19.279     120.0   103.   68.0
   -34.378   -72.797    19.279     119.3    96.   72.6
   -34.030   -72.682    19.279     105.5   128.   79.0
   -33.682   -72.567    19.279     108.3   107.   82.0
   -33.333   -72.453    19.279     101.8     3.   99.9
   -32.985   -72.338    19.279     118.8     3.  112.8
   -32.637   -72.223    19.279     117.5     3.  126.7
   -38.468   -74.579     6.918     113.2     3.  129.6
   -38.120   -74.465     6.918     113.1     3.  107.2
   -37.772   -74.350     6.918     104.4     4.   87.0
   -37.423   -74.236     6.918     110.2     3.   70.5
   -37.075   -74.121     6.918     105.1     3.   56.4
   -36.727   -74.006     6.918     100.9    84.   42.6
   -36.379   -73.892     6.918     115.1   235.   31.5
   -36.031   -73.777     6.918     120.0   209.   31.5
   -35.682   -73.662     6.918     104.9   193.   39.8
   -35.334   -73.548     6.918     118.5   477.   62.0
   -34.986   -73.433     6.918     102.5    21.   65.0
   -34.638   -73.318     6.918     110.6   195.   67.2
   -34.289   -73.204     6.918     100.0   326.   74.6
   -33.941   -73.089     6.918     100.0   398.   72.5
   -33.593   -72.974     6.918     100.0   142.   84.0
   -33.245   -72.860     6.918     111.5     3.   99.5
   -32.897   -72.745     6.918     106.8     3.  113.9
   -32.548   -72.630     6.918     112.7     3.  127.4