length	width	depth	strike	dip	rake	slip	lat	long
50.0    50.0    0.0     193.0   14.0     81.0   0.00   39.738   144.331  # E01
50.0    50.0    0.0     193.0   14.0     81.0   0.00   39.3     144.20   # E02
50.0    50.0    0.0     193.0   14.0     81.0   5.66   38.862   144.069  # E03
50.0    50.0    0.0     193.0   14.0     81.0  41.15   38.424   143.939  # E04
50.0    50.0    0.0     193.0   14.0     81.0  47.93   37.986   143.810  # E05
50.0    50.0    0.0     193.0   14.0     81.0   8.44   37.547   143.682  # E06
50.0    50.0    0.0     193.0   14.0     81.0   0.00   37.135   143.40   # E07
50.0    50.0    0.0     193.0   14.0     81.0   0.00   36.730   143.07   # E08
50.0    50.0    0.0     193.0   14.0     81.0   1.89   36.325   142.74   # E09
50.0    50.0    0.0     193.0   14.0     81.0   0.63   35.905   142.504  # E10
50.0    50.0   12.1     193.0   14.0     81.0   0.00   39.836   143.778  # E11
50.0    50.0   12.1     193.0   14.0     81.0   0.81   39.398   143.651  # E12
50.0    50.0   12.1     193.0   14.0     81.0  10.67   38.960   143.523  # E13
50.0    50.0   12.1     193.0   14.0     81.0  27.84   38.522   143.397  # E14
50.0    50.0   12.1     193.0   14.0     81.0  33.79   38.084   143.271  # E15
50.0    50.0   12.1     193.0   14.0     81.0  24.11   37.646   143.146  # E16
50.0    50.0   12.1     193.0   14.0     81.0   0.00   37.233   142.867  # E17
50.0    50.0   12.1     193.0   14.0     81.0   0.00   36.828   142.540  # E18
50.0    50.0   12.1     193.0   14.0     81.0   0.00   36.423   142.213  # E19
50.0    50.0   12.1     193.0   14.0     81.0   0.00   36.003   141.979  # E20
50.0    50.0   24.2     193.0   14.0     81.0   0.00   39.934   143.224  # E21
50.0    50.0   24.2     193.0   14.0     81.0   0.00   39.496   143.100  # E22
50.0    50.0   24.2     193.0   14.0     81.0   4.86   39.058   142.977  # E23
50.0    50.0   24.2     193.0   14.0     81.0  19.56   38.620   142.853  # E24
50.0    50.0   24.2     193.0   14.0     81.0  23.38   38.182   142.731  # E25
50.0    50.0   24.2     193.0   14.0     81.0  13.13   37.744   142.609  # E26
50.0    50.0   24.2     193.0   14.0     81.0  11.13   37.331   142.333  # E27
50.0    50.0   24.2     193.0   14.0     81.0   2.23   36.926   142.009  # E28
50.0    50.0   24.2     193.0   14.0     81.0   2.25   36.521   141.684  # E29
50.0    50.0   24.2     193.0   14.0     81.0   0.54   36.101   141.454  # E30
50.0    50.0   36.3     193.0   14.0     81.0   0.00   40.032   142.670  # E31
50.0    50.0   36.3     193.0   14.0     81.0   0.00   39.594   142.549  # E32
50.0    50.0   36.3     193.0   14.0     81.0   0.00   39.156   142.430  # E33
50.0    50.0   36.3     193.0   14.0     81.0  14.64   38.718   142.309  # E34
50.0    50.0   36.3     193.0   14.0     81.0   9.46   38.280   142.190  # E35
50.0    50.0   36.3     193.0   14.0     81.0   0.00   37.842   142.071  # E36
50.0    50.0   36.3     193.0   14.0     81.0   0.00   37.429   141.798  # E37
50.0    50.0   36.3     193.0   14.0     81.0   0.00   37.024   141.477  # E38
50.0    50.0   36.3     193.0   14.0     81.0   0.00   36.619   141.155  # E39
50.0    50.0   36.3     193.0   14.0     81.0   0.00   36.199   140.928  # E40
