Lat. Lon. depth slip rake strike dip t_rup t_ris t_fal mo
      40.601900     143.729400      15.193400      57.353820     117.143200     198.000000      15.000000     148.000000       6.400000       4.800000   9.758958e+25
      40.387900     143.640790      15.193400     141.030810      87.102590     198.000000      15.000000     140.000000       8.000000      14.400000   2.399689e+26
      40.174000     143.552200      15.193400      34.988530      83.757710     198.000000      15.000000     128.000000      19.200000       1.600000   5.953423e+25
      39.960000     143.463590      15.193400     219.910710     101.953100     198.000000      15.000000     100.000000       8.000000      17.600000   3.741859e+26
      39.746000     143.375000      15.193400     521.369870      92.399470     198.000000      15.000000      76.000000       9.600000       1.600000   8.871303e+26
      39.532000     143.286410      15.193400     595.401120     106.877900     198.000000      15.000000      60.000000      11.200000       4.800000   1.013096e+27
      39.318100     143.197690      15.193400     758.510070      87.916970     198.000000      15.000000      56.000000      19.200000      14.400000   1.290632e+27
      39.104100     143.109100      15.193400    2072.187010      94.292010     198.000000      15.000000      56.000000       1.600000      12.800000   3.525902e+27
      38.890100     143.020490      15.193400    2954.230960      91.645830     198.000000      15.000000      56.000000      11.200000      19.200000   5.026728e+27
      38.676200     142.931900      15.193400    2963.827880      91.739850     198.000000      15.000000      48.000000      19.200000      14.400000   5.043058e+27
      38.462200     142.843310      15.193400    2769.399900      89.704670     198.000000      15.000000      20.000000       9.600000      11.200000   4.712235e+27
      38.248200     142.754700      15.193400    2429.764890      90.974190     198.000000      15.000000      16.000000      16.000000      14.400000   4.134331e+27
      38.034300     142.666110      15.193400    1815.032960      86.341990     198.000000      15.000000      24.000000       3.200000      19.200000   3.088343e+27
      37.820300     142.577390      15.193400    2156.189940      74.787830     198.000000      15.000000      40.000000      16.000000       8.000000   3.668835e+27
      37.606300     142.488800      15.193400    2039.275020      70.351230     198.000000      15.000000      60.000000      19.200000      11.200000   3.469898e+27
      37.392300     142.400210      15.193400    1218.682980      67.877950     198.000000      15.000000      60.000000       6.400000      17.600000   2.073632e+27
      37.178400     142.311600      15.193400     894.450070      66.587880     198.000000      15.000000      76.000000      11.200000       3.200000   1.521940e+27
      36.964400     142.223010      15.193400     348.580990     104.791800     198.000000      15.000000      84.000000       4.800000      19.200000   5.931230e+26
      36.750400     142.134400      15.193400     363.726290     119.449900     198.000000      15.000000      88.000000       3.200000      17.600000   6.188936e+26
      36.536500     142.045810      15.193400     273.206600      76.780140     198.000000      15.000000      84.000000       3.200000      16.000000   4.648706e+26
      36.322500     141.957110      15.193400     310.852600      84.979710     198.000000      15.000000      88.000000       1.600000       1.600000   5.289265e+26
      36.108500     141.868500      15.193400     642.742800     123.117800     198.000000      15.000000     104.000000      11.200000      14.400000   1.093650e+27
      35.894500     141.779910      15.193400      70.149220      62.340090     198.000000      15.000000     116.000000       8.000000      17.600000   1.193615e+26
      35.680600     141.691300      15.193400      98.946270     129.301300     198.000000      15.000000     132.000000      19.200000      17.600000   1.683605e+26
      35.466600     141.602710      15.193400      61.298450     100.303900     198.000000      15.000000     152.000000      11.200000       9.600000   1.043016e+26
      40.646500     143.554500      19.489800      18.271540      80.029800     198.000000      15.000000     148.000000      17.600000       4.800000   3.700354e+25
      40.432500     143.465900      19.489800      29.220340     119.162800     198.000000      15.000000     136.000000       3.200000       1.600000   5.917706e+25
      40.218500     143.377300      19.489800      98.259030     126.739800     198.000000      15.000000     124.000000      11.200000      17.600000   1.989942e+26
      40.004600     143.288700      19.489800     228.625110     108.865300     198.000000      15.000000     104.000000       4.800000      16.000000   4.630119e+26
      39.790600     143.200000      19.489800     501.640500      63.149250     198.000000      15.000000      84.000000       9.600000       1.600000   1.015922e+27
      39.576600     143.111400      19.489800     392.874510      99.794020     198.000000      15.000000      68.000000       4.800000       8.000000   7.956499e+26
      39.362700     143.022800      19.489800     717.479610     117.989600     198.000000      15.000000      60.000000      14.400000      19.200000   1.453041e+27
      39.148700     142.934200      19.489800    1362.824950      93.593000     198.000000      15.000000      64.000000      16.000000       6.400000   2.759996e+27
      38.934700     142.845600      19.489800    1435.400020      94.503070     198.000000      15.000000      52.000000      12.800000      19.200000   2.906973e+27
      38.720800     142.757000      19.489800    1203.899050      86.561080     198.000000      15.000000      40.000000      16.000000      19.200000   2.438135e+27
      38.506800     142.668400      19.489800     727.147220      71.773200     198.000000      15.000000      16.000000       8.000000      14.400000   1.472619e+27
      38.292800     142.579700      19.489800     902.023320      91.023810     198.000000      15.000000       8.000000       6.400000      14.400000   1.826776e+27
      38.078800     142.491100      19.489800    1527.337040      93.088690     198.000000      15.000000      12.000000       1.600000      14.400000   3.093166e+27
      37.864900     142.402500      19.489800    1441.913940      94.594180     198.000000      15.000000      20.000000      11.200000       1.600000   2.920162e+27
      37.650900     142.313900      19.489800    1105.380980      75.015600     198.000000      15.000000      40.000000      16.000000       6.400000   2.238618e+27
      37.436900     142.225300      19.489800     659.875180      69.689990     198.000000      15.000000      56.000000      16.000000      12.800000   1.336380e+27
      37.223000     142.136700      19.489800       4.649450      65.242430     198.000000      15.000000      68.000000       8.000000       1.600000   9.416075e+24
      37.009000     142.048100      19.489800     149.078600     110.515800     198.000000      15.000000      80.000000       3.200000      14.400000   3.019142e+26
      36.795000     141.959400      19.489800     179.101900      91.048280     198.000000      15.000000      92.000000       9.600000       1.600000   3.627171e+26
      36.581000     141.870800      19.489800     132.866000     115.003300     198.000000      15.000000      92.000000      17.600000      19.200000   2.690803e+26
      36.367100     141.782200      19.489800     422.548490      60.691360     198.000000      15.000000      96.000000       1.600000       3.200000   8.557458e+26
      36.153100     141.693600      19.489800     296.499910      95.581620     198.000000      15.000000     108.000000      12.800000       3.200000   6.004715e+26
      35.939100     141.605000      19.489800     173.161800      63.525290     198.000000      15.000000     124.000000      11.200000      11.200000   3.506874e+26
      35.725200     141.516400      19.489800     322.546600      82.085050     198.000000      15.000000     136.000000      12.800000       1.600000   6.532211e+26
      35.511200     141.427800      19.489800      18.911350     116.350400     198.000000      15.000000     156.000000       6.400000      14.400000   3.829926e+25
      40.691100     143.379590      23.786200      17.650720     129.374300     198.000000      15.000000     144.000000       1.600000       1.600000   4.358783e+25
      40.477100     143.291000      23.786200      73.069600     110.405100     198.000000      15.000000     136.000000      11.200000       8.000000   1.804430e+26
      40.263100     143.202390      23.786200     266.153990     102.620500     198.000000      15.000000     116.000000       4.800000      16.000000   6.572581e+26
      40.049200     143.113690      23.786200     717.526920     119.153400     198.000000      15.000000     104.000000      19.200000       1.600000   1.771907e+27
      39.835200     143.025100      23.786200     304.469390     109.260200     198.000000      15.000000      80.000000       8.000000       4.800000   7.518772e+26
      39.621200     142.936490      23.786200     709.515380      89.126770     198.000000      15.000000      76.000000      16.000000       1.600000   1.752125e+27
      39.407300     142.847900      23.786200     886.059080     109.121800     198.000000      15.000000      64.000000      11.200000      14.400000   2.188092e+27
      39.193300     142.759290      23.786200    1100.875980      98.753610     198.000000      15.000000      60.000000      11.200000      16.000000   2.718577e+27
      38.979300     142.670700      23.786200     963.086980      92.682080     198.000000      15.000000      48.000000       4.800000       1.600000   2.378310e+27
      38.765300     142.582110      23.786200     808.645810     100.191100     198.000000      15.000000      32.000000      12.800000       1.600000   1.996924e+27
      38.551400     142.493390      23.786200     334.846800     110.283600     198.000000      15.000000      16.000000      16.000000       1.600000   8.268924e+26
      38.337400     142.404800      23.786200     662.220700     103.610900     198.000000      15.000000       0.000000       4.800000      11.200000   1.635333e+27
      38.123400     142.316190      23.786200    1365.383060      87.031350     198.000000      15.000000      12.000000      19.200000       1.600000   3.371764e+27
      37.909500     142.227600      23.786200    1238.493040     105.714600     198.000000      15.000000      20.000000      14.400000       9.600000   3.058418e+27
      37.695500     142.139010      23.786200     661.338680      67.767450     198.000000      15.000000      44.000000      19.200000      17.600000   1.633153e+27
      37.481500     142.050400      23.786200     412.991790      95.408810     198.000000      15.000000      52.000000       4.800000      19.200000   1.019868e+27
      37.267600     141.961810      23.786200     104.330600      70.799120     198.000000      15.000000      64.000000       1.600000      17.600000   2.576408e+26
      37.053600     141.873090      23.786200     140.803100      90.443460     198.000000      15.000000      80.000000       1.600000      11.200000   3.477086e+26
      36.839600     141.784500      23.786200     352.214900     119.423600     198.000000      15.000000      92.000000       4.800000       3.200000   8.697825e+26
      36.625600     141.695910      23.786200      34.206870      82.678100     198.000000      15.000000     100.000000      11.200000      17.600000   8.447263e+25
      36.411700     141.607300      23.786200     250.798900      91.958690     198.000000      15.000000     108.000000      14.400000      19.200000   6.193398e+26
      36.197700     141.518710      23.786200      74.713390     109.939800     198.000000      15.000000     116.000000       3.200000      14.400000   1.845021e+26
      35.983700     141.430100      23.786200      47.754880     124.839100     198.000000      15.000000     128.000000       4.800000      11.200000   1.179290e+26
      35.769800     141.341510      23.786200     171.343000      86.680050     198.000000      15.000000     132.000000       1.600000       8.000000   4.231254e+26
      35.555800     141.252810      23.786200      19.143320     119.350100     198.000000      15.000000     156.000000      16.000000       1.600000   4.727376e+25
      40.735700     143.204700      28.082600      67.158200      93.872450     198.000000      15.000000     144.000000       1.600000       4.800000   1.882219e+26
      40.521700     143.116100      28.082600     227.165800      68.088710     198.000000      15.000000     136.000000      19.200000      11.200000   6.366697e+26
      40.307700     143.027400      28.082600     298.226500     121.019600     198.000000      15.000000     112.000000       8.000000      16.000000   8.358288e+26
      40.093800     142.938800      28.082600     413.140410     128.158200     198.000000      15.000000      92.000000       1.600000       8.000000   1.157894e+27
      39.879800     142.850200      28.082600     767.426390     124.663300     198.000000      15.000000      84.000000      14.400000       6.400000   2.150839e+27
      39.665800     142.761600      28.082600     767.925480      99.783410     198.000000      15.000000      68.000000       6.400000      16.000000   2.152237e+27
      39.451800     142.673000      28.082600    1233.267940      97.347290     198.000000      15.000000      68.000000       1.600000      19.200000   3.456436e+27
      39.237900     142.584400      28.082600    1418.991940      93.296750     198.000000      15.000000      64.000000      19.200000       6.400000   3.976959e+27
      39.023900     142.495800      28.082600    1460.520020      99.975170     198.000000      15.000000      48.000000      17.600000       3.200000   4.093350e+27
      38.809900     142.407100      28.082600     736.252010      91.229770     198.000000      15.000000      28.000000       4.800000      14.400000   2.063468e+27
      38.596000     142.318500      28.082600     443.076390      70.834390     198.000000      15.000000      12.000000      17.600000      19.200000   1.241794e+27
      38.382000     142.229900      28.082600     467.250210      64.120850     198.000000      15.000000       4.000000       1.600000      14.400000   1.309546e+27
      38.168000     142.141300      28.082600     838.424620      97.142520     198.000000      15.000000       8.000000       1.600000       4.800000   2.349824e+27
      37.954100     142.052700      28.082600     657.022890      86.063740     198.000000      15.000000      24.000000      19.200000      17.600000   1.841416e+27
      37.740100     141.964100      28.082600     646.676270      89.744290     198.000000      15.000000      44.000000      11.200000       4.800000   1.812416e+27
      37.526100     141.875500      28.082600     362.329100     104.395000     198.000000      15.000000      56.000000       1.600000      12.800000   1.015488e+27
      37.312100     141.786800      28.082600     225.131000      94.429390     198.000000      15.000000      76.000000      17.600000       1.600000   6.309669e+26
      37.098200     141.698200      28.082600     166.158000      93.266590     198.000000      15.000000      76.000000       1.600000      14.400000   4.656852e+26
      36.884200     141.609600      28.082600      61.206690     107.218000     198.000000      15.000000      92.000000       1.600000       9.600000   1.715419e+26
      36.670200     141.521000      28.082600      68.559760      69.015840     198.000000      15.000000     112.000000       4.800000      14.400000   1.921501e+26
      36.456300     141.432400      28.082600     606.636780     116.670600     198.000000      15.000000     124.000000       4.800000      11.200000   1.700200e+27
      36.242300     141.343800      28.082600     381.980710      97.522370     198.000000      15.000000     136.000000      19.200000      17.600000   1.070564e+27
      36.028300     141.255200      28.082600     512.782710     115.860200     198.000000      15.000000     140.000000       1.600000      11.200000   1.437159e+27
      35.814300     141.166500      28.082600     160.228390      76.494670     198.000000      15.000000     148.000000      11.200000       1.600000   4.490663e+26
      35.600400     141.077900      28.082600      45.836480      71.825730     198.000000      15.000000     156.000000      16.000000       9.600000   1.284642e+26
      40.780300     143.029800      32.379000      60.649620      75.826190     198.000000      15.000000     148.000000       3.200000       4.800000   1.699805e+26
      40.566300     142.941100      32.379000     332.808990      69.435390     198.000000      15.000000     140.000000      16.000000       6.400000   9.327514e+26
      40.352300     142.852490      32.379000     500.889500      86.630050     198.000000      15.000000     120.000000      12.800000       1.600000   1.403825e+27
      40.138400     142.763900      32.379000      50.230740     105.028400     198.000000      15.000000     100.000000       4.800000      12.800000   1.407800e+26
      39.924400     142.675290      32.379000     467.970310     102.866100     198.000000      15.000000      84.000000       1.600000       1.600000   1.311565e+27
      39.710400     142.586700      32.379000     739.692690     128.526700     198.000000      15.000000      84.000000      19.200000       8.000000   2.073112e+27
      39.496400     142.498090      32.379000    1430.136960      77.532450     198.000000      15.000000      80.000000       8.000000       3.200000   4.008195e+27
      39.282500     142.409500      32.379000    1626.489990      84.912260     198.000000      15.000000      64.000000      17.600000       6.400000   4.558505e+27
      39.068500     142.320800      32.379000    1752.813960      82.098110     198.000000      15.000000      56.000000      19.200000       4.800000   4.912547e+27
      38.854500     142.232190      32.379000     865.135310      70.985360     198.000000      15.000000      40.000000      14.400000       1.600000   2.424683e+27
      38.640600     142.143600      32.379000     682.283330      79.546200     198.000000      15.000000      20.000000      11.200000       4.800000   1.912213e+27
      38.426600     142.054990      32.379000     453.136510      84.142780     198.000000      15.000000      16.000000      19.200000      14.400000   1.269989e+27
      38.212600     141.966400      32.379000     743.958980      62.574730     198.000000      15.000000      16.000000       1.600000      17.600000   2.085067e+27
      37.998600     141.877810      32.379000     978.822810      68.924800     198.000000      15.000000      36.000000      17.600000       1.600000   2.743314e+27
      37.784700     141.789200      32.379000    1268.146970     112.362700     198.000000      15.000000      48.000000       1.600000      19.200000   3.554193e+27
      37.570700     141.700500      32.379000     898.932920     115.193000     198.000000      15.000000      64.000000      19.200000       1.600000   2.519408e+27
      37.356700     141.611890      32.379000     287.268400      81.756580     198.000000      15.000000      72.000000      12.800000       1.600000   8.051174e+26
      37.142800     141.523300      32.379000     341.558990     125.029100     198.000000      15.000000      84.000000       4.800000      12.800000   9.572750e+26
      36.928800     141.434690      32.379000     355.479800      80.899160     198.000000      15.000000     100.000000      17.600000      16.000000   9.962906e+26
      36.714800     141.346100      32.379000     229.258000      90.276850     198.000000      15.000000     116.000000      19.200000       4.800000   6.425329e+26
      36.500900     141.257510      32.379000     230.022600      77.783890     198.000000      15.000000     124.000000       1.600000       1.600000   6.446764e+26
      36.286900     141.168900      32.379000      79.002080      69.320140     198.000000      15.000000     140.000000       6.400000      16.000000   2.214164e+26
      36.072900     141.080200      32.379000     629.768620     119.824700     198.000000      15.000000     152.000000       8.000000       8.000000   1.765029e+27
      35.858900     140.991590      32.379000     551.745480      75.253780     198.000000      15.000000     160.000000      19.200000      17.600000   1.546358e+27
      35.645000     140.903000      32.379000       1.069090      61.716930     198.000000      15.000000     156.000000      17.600000      11.200000   2.996300e+24
      40.373700     144.651900       2.932700      28.298290     100.874400     198.000000       8.000000     136.000000       0.000000       0.000000   2.200251e+25
      40.159800     144.560300       2.932700      42.547280     106.184500     198.000000       8.000000     120.000000       0.000000       0.000000   3.308136e+25
      39.945800     144.468600       2.932700     317.562290      67.111590     198.000000       8.000000     104.000000      17.600000      16.000000   2.469111e+26
      39.731800     144.377000       2.932700     356.160490      70.508870     198.000000       8.000000     100.000000       9.600000       9.600000   2.769222e+26
      39.517800     144.285290       2.932700      23.984050      61.736230     198.000000       8.000000      88.000000       3.200000       9.600000   1.864808e+25
      39.303900     144.193600       2.932700     308.222410     129.385500     198.000000       8.000000      84.000000      14.400000      11.200000   2.396491e+26
      39.089900     144.102010       2.932700     125.311700      63.051240     198.000000       8.000000      80.000000      12.800000      17.600000   9.743244e+25
      38.875900     144.010300       2.932700     436.665310     114.853900     198.000000       8.000000      76.000000       8.000000      19.200000   3.395163e+26
      38.662000     143.918590       2.932700     933.159000     121.333600     198.000000       8.000000      68.000000      12.800000       1.600000   7.255499e+26
      38.448000     143.827000       2.932700    1323.739990     123.035600     198.000000       8.000000      68.000000      19.200000       9.600000   1.029235e+27
      38.234000     143.735310       2.932700     970.683470     104.069300     198.000000       8.000000      64.000000       3.200000       3.200000   7.547259e+26
      38.020100     143.643710       2.932700     931.459780     113.813200     198.000000       8.000000      60.000000      11.200000       1.600000   7.242293e+26
      37.806100     143.552000       2.932700     548.174990      95.526310     198.000000       8.000000      52.000000      17.600000       1.600000   4.262171e+26
      37.592100     143.460300       2.932700     403.535190      69.266630     198.000000       8.000000      52.000000      19.200000       4.800000   3.137567e+26
      37.378100     143.368700       2.932700     610.271180      77.781060     198.000000       8.000000      56.000000      11.200000       1.600000   4.744985e+26
      37.164200     143.276990       2.932700     611.572390      84.821490     198.000000       8.000000      60.000000      14.400000       1.600000   4.755101e+26
      36.950200     143.185390       2.932700     626.221680      91.995970     198.000000       8.000000      72.000000       8.000000      14.400000   4.869001e+26
      36.736200     143.093700       2.932700     171.354200     105.645600     198.000000       8.000000      92.000000      12.800000      19.200000   1.332313e+26
      36.522300     143.002000       2.932700     137.071200     116.222500     198.000000       8.000000     104.000000       1.600000       1.600000   1.065756e+26
      36.308300     142.910400       2.932700     238.928410      80.691800     198.000000       8.000000     108.000000      11.200000       6.400000   1.857716e+26
      36.094300     142.818700       2.932700     122.898800      82.780710     198.000000       8.000000     116.000000      14.400000       1.600000   9.555639e+25
      35.880300     142.727100       2.932700     198.809690     127.678800     198.000000       8.000000     124.000000      11.200000      19.200000   1.545787e+26
      35.666400     142.635410       2.932700     123.635200     117.726800     198.000000       8.000000     132.000000       9.600000      14.400000   9.612886e+25
      35.452400     142.543700       2.932700     304.440700      64.946420     198.000000       8.000000     144.000000      12.800000       3.200000   2.367091e+26
      35.238400     142.452100       2.932700      48.161980     125.389000     198.000000       8.000000     148.000000       9.600000      19.200000   3.744694e+25
      40.419400     144.466400       5.243000       9.840740      82.258520     198.000000       8.000000     128.000000      11.200000       3.200000   1.274669e+25
      40.205500     144.374800       5.243000     363.544890     100.137600     198.000000       8.000000     116.000000       9.600000      17.600000   4.708992e+26
      39.991500     144.283100       5.243000     235.768100     102.116200     198.000000       8.000000     104.000000      14.400000      17.600000   3.053899e+26
      39.777500     144.191500       5.243000     356.855990     101.210800     198.000000       8.000000      92.000000       9.600000      19.200000   4.622347e+26
      39.563600     144.099790       5.243000     532.411990     124.450200     198.000000       8.000000      88.000000      12.800000       3.200000   6.896323e+26
      39.349600     144.008100       5.243000     493.966800     126.008900     198.000000       8.000000      88.000000       9.600000      19.200000   6.398342e+26
      39.135600     143.916500       5.243000     820.483220     129.952610     198.000000       8.000000      80.000000      12.800000       1.600000   1.062771e+27
      38.921600     143.824800       5.243000    1431.029050     123.157200     198.000000       8.000000      60.000000      16.000000       6.400000   1.853609e+27
      38.707700     143.733200       5.243000    2191.604000     114.074100     198.000000       8.000000      56.000000      11.200000      17.600000   2.838780e+27
      38.493700     143.641490       5.243000    2692.541990     115.367900     198.000000       8.000000      56.000000       1.600000       9.600000   3.487644e+27
      38.279700     143.549800       5.243000    2239.346920     110.234800     198.000000       8.000000      48.000000       8.000000       9.600000   2.900621e+27
      38.065800     143.458210       5.243000    1830.583980     101.598600     198.000000       8.000000      44.000000      19.200000       4.800000   2.371153e+27
      37.851800     143.366500       5.243000    1349.691040      90.360520     198.000000       8.000000      40.000000      14.400000      16.000000   1.748253e+27
      37.637800     143.274800       5.243000    1747.279050      86.115420     198.000000       8.000000      48.000000       6.400000      16.000000   2.263246e+27
      37.423900     143.183200       5.243000    2217.087890      79.468530     198.000000       8.000000      52.000000       3.200000       6.400000   2.871788e+27
      37.209900     143.091510       5.243000    1985.371950      71.575820     198.000000       8.000000      56.000000      11.200000      12.800000   2.571651e+27
      36.995900     142.999890       5.243000    1265.063960      75.470940     198.000000       8.000000      72.000000       1.600000      12.800000   1.638635e+27
      36.781900     142.908200       5.243000     621.432620      81.778750     198.000000       8.000000      88.000000       1.600000       9.600000   8.049410e+26
      36.568000     142.816500       5.243000     566.461180     115.067800     198.000000       8.000000      92.000000      12.800000       6.400000   7.337364e+26
      36.354000     142.724900       5.243000     382.014310      83.367910     198.000000       8.000000     108.000000       9.600000       6.400000   4.948226e+26
      36.140000     142.633190       5.243000     175.472790      78.447570     198.000000       8.000000     108.000000       4.800000      11.200000   2.272897e+26
      35.926100     142.541600       5.243000     152.683400     107.388500     198.000000       8.000000     120.000000      19.200000      19.200000   1.977705e+26
      35.712100     142.449910       5.243000     195.009290      63.631680     198.000000       8.000000     132.000000       3.200000      11.200000   2.525954e+26
      35.498100     142.358200       5.243000     482.771610      87.208880     198.000000       8.000000     140.000000       4.800000       1.600000   6.253332e+26
      35.284100     142.266600       5.243000       9.184270      98.400380     198.000000       8.000000     148.000000      14.400000      11.200000   1.189637e+25
      40.465200     144.280900       7.553300      51.805060      84.661110     198.000000       8.000000     124.000000       6.400000       3.200000   6.710300e+25
      40.251200     144.189300       7.553300     399.535610     127.235700     198.000000       8.000000     112.000000       1.600000       3.200000   5.175178e+26
      40.037200     144.097600       7.553300     546.560120      97.068150     198.000000       8.000000     104.000000       1.600000      17.600000   7.079586e+26
      39.823200     144.006000       7.553300     712.889770      91.962520     198.000000       8.000000      92.000000       4.800000       6.400000   9.234041e+26
      39.609300     143.914310       7.553300     598.445980     119.900400     198.000000       8.000000      92.000000       9.600000       1.600000   7.751660e+26
      39.395300     143.822600       7.553300     922.147520     120.119200     198.000000       8.000000      88.000000       4.800000      16.000000   1.194456e+27
      39.181300     143.731000       7.553300    1045.850950     105.743900     198.000000       8.000000      80.000000      11.200000      11.200000   1.354689e+27
      38.967400     143.639300       7.553300    2196.856930      91.425460     198.000000       8.000000      64.000000      16.000000       3.200000   2.845584e+27
      38.753400     143.547700       7.553300    3575.535890      97.030160     198.000000       8.000000      52.000000      17.600000      19.200000   4.631383e+27
      38.539400     143.455990       7.553300    4348.604980      99.013580     198.000000       8.000000      48.000000       9.600000      12.800000   5.632737e+27
      38.325500     143.364300       7.553300    3587.029050      99.655290     198.000000       8.000000      32.000000       8.000000      14.400000   4.646270e+27
      38.111500     143.272710       7.553300    3194.419920      94.226920     198.000000       8.000000      40.000000      17.600000      16.000000   4.137728e+27
      37.897500     143.181000       7.553300    2843.675050      83.665690     198.000000       8.000000      40.000000       8.000000      19.200000   3.683407e+27
      37.683500     143.089400       7.553300    3387.333010      77.994160     198.000000       8.000000      52.000000      16.000000       8.000000   4.387608e+27
      37.469600     142.997700       7.553300    3928.728030      72.913700     198.000000       8.000000      56.000000      16.000000       8.000000   5.088871e+27
      37.255600     142.906010       7.553300    3664.377930      69.854230     198.000000       8.000000      64.000000      14.400000       9.600000   4.746460e+27
      37.041600     142.814410       7.553300    2031.949950      64.072880     198.000000       8.000000      64.000000       6.400000      12.800000   2.631981e+27
      36.827700     142.722700       7.553300    1160.512940      70.206640     198.000000       8.000000      80.000000      16.000000       1.600000   1.503210e+27
      36.613700     142.631000       7.553300     740.494870      92.967570     198.000000       8.000000      92.000000       3.200000      11.200000   9.591613e+26
      36.399700     142.539400       7.553300     226.475200      84.662970     198.000000       8.000000     100.000000      17.600000      12.800000   2.933528e+26
      36.185700     142.447690       7.553300     258.577210      71.146100     198.000000       8.000000      96.000000      11.200000       6.400000   3.349347e+26
      35.971800     142.356090       7.553300     302.650790     127.822800     198.000000       8.000000     108.000000      14.400000       6.400000   3.920231e+26
      35.757800     142.264400       7.553300     143.448000     122.338500     198.000000       8.000000     124.000000       4.800000      19.200000   1.858080e+26
      35.543800     142.172700       7.553300     396.235110     109.422900     198.000000       8.000000     140.000000       1.600000      14.400000   5.132426e+26
      35.329900     142.081100       7.553300      44.228550     105.027700     198.000000       8.000000     152.000000      16.000000       9.600000   5.728918e+25
      40.510900     144.095400       9.863600       2.681550     113.401900     198.000000       8.000000     136.000000      14.400000      19.200000   4.013237e+24
      40.296900     144.003800       9.863600     567.944890     113.014700     198.000000       8.000000     116.000000      11.200000       8.000000   8.499917e+26
      40.082900     143.912090       9.863600     778.457400     121.579700     198.000000       8.000000     108.000000      11.200000       8.000000   1.165046e+27
      39.869000     143.820500       9.863600     486.991090      90.265590     198.000000       8.000000      96.000000       1.600000      17.600000   7.288356e+26
      39.655000     143.728810       9.863600      59.892170      67.529890     198.000000       8.000000      84.000000      11.200000       3.200000   8.963519e+25
      39.441000     143.637100       9.863600     482.767910      64.811100     198.000000       8.000000      80.000000      19.200000       1.600000   7.225148e+26
      39.227100     143.545500       9.863600    1608.234010      62.947930     198.000000       8.000000      68.000000       8.000000       1.600000   2.406896e+27
      39.013100     143.453800       9.863600    2911.729980      76.892270     198.000000       8.000000      56.000000      11.200000       4.800000   4.357723e+27
      38.799100     143.362200       9.863600    4769.056150      90.564450     198.000000       8.000000      40.000000       3.200000      11.200000   7.137412e+27
      38.585100     143.270490       9.863600    5502.687010      91.506670     198.000000       8.000000      52.000000      19.200000      16.000000   8.235369e+27
      38.371200     143.178800       9.863600    4994.450200      93.356450     198.000000       8.000000      40.000000       9.600000       8.000000   7.474742e+27
      38.157200     143.087200       9.863600    4084.514890      92.882220     198.000000       8.000000      44.000000      19.200000      14.400000   6.112918e+27
      37.943200     142.995500       9.863600    3791.456050      79.316480     198.000000       8.000000      32.000000      14.400000      19.200000   5.674329e+27
      37.729300     142.903900       9.863600    4098.162110      74.716500     198.000000       8.000000      44.000000      19.200000      19.200000   6.133346e+27
      37.515300     142.812190       9.863600    4141.125000      76.763700     198.000000       8.000000      56.000000       6.400000      12.800000   6.197647e+27
      37.301300     142.720500       9.863600    3692.664060      73.829080     198.000000       8.000000      64.000000       3.200000      17.600000   5.526477e+27
      37.087300     142.628910       9.863600    2275.677980      72.421890     198.000000       8.000000      72.000000      16.000000       1.600000   3.405799e+27
      36.873400     142.537200       9.863600    1497.313960      61.849300     198.000000       8.000000      76.000000      11.200000      11.200000   2.240894e+27
      36.659400     142.445600       9.863600    1226.937010      76.679120     198.000000       8.000000      88.000000       4.800000      16.000000   1.836244e+27
      36.445400     142.353900       9.863600    1201.105960      60.835350     198.000000       8.000000      84.000000       8.000000       4.800000   1.797587e+27
      36.231500     142.262210       9.863600     685.266110      77.093180     198.000000       8.000000      92.000000      17.600000       8.000000   1.025576e+27
      36.017500     142.170590       9.863600     473.603910     115.808100     198.000000       8.000000     108.000000       6.400000      12.800000   7.087997e+26
      35.803500     142.078900       9.863600     476.982910      99.145460     198.000000       8.000000     120.000000      17.600000       1.600000   7.138565e+26
      35.589600     141.987300       9.863600     121.382600      95.780000     198.000000       8.000000     136.000000       8.000000       3.200000   1.816621e+26
      35.375600     141.895600       9.863600      41.467990     105.135400     198.000000       8.000000     152.000000      14.400000      14.400000   6.206136e+25
      40.556600     143.910000      12.173800      14.203530      77.943290     198.000000       8.000000     140.000000      17.600000       6.400000   2.340163e+25
      40.342600     143.818300      12.173800     316.566010      81.158970     198.000000       8.000000     128.000000      17.600000       9.600000   5.215716e+26
      40.128600     143.726590      12.173800     483.277590     126.371500     198.000000       8.000000     116.000000       1.600000       1.600000   7.962438e+26
      39.914700     143.634990      12.173800     527.180480     120.617600     198.000000       8.000000      96.000000       3.200000      12.800000   8.685778e+26
      39.700700     143.543300      12.173800     421.786100     125.298000     198.000000       8.000000      80.000000       6.400000      12.800000   6.949310e+26
      39.486700     143.451600      12.173800     956.352780      87.887800     198.000000       8.000000      68.000000       6.400000       8.000000   1.575680e+27
      39.272800     143.360000      12.173800    1761.995000      70.453420     198.000000       8.000000      64.000000       3.200000      16.000000   2.903050e+27
      39.058800     143.268300      12.173800    3008.955080      88.281170     198.000000       8.000000      52.000000       8.000000       6.400000   4.957532e+27
      38.844800     143.176700      12.173800    4336.934080      91.421100     198.000000       8.000000      48.000000      14.400000       9.600000   7.145492e+27
      38.630900     143.085010      12.173800    4805.347170      94.032280     198.000000       8.000000      48.000000       8.000000      17.600000   7.917249e+27
      38.416900     142.993300      12.173800    4726.961910      91.266510     198.000000       8.000000      28.000000      11.200000      12.800000   7.788100e+27
      38.202900     142.901700      12.173800    3545.708010      90.431170     198.000000       8.000000      32.000000       1.600000      17.600000   5.841879e+27
      37.988900     142.810000      12.173800    3135.559080      82.367180     198.000000       8.000000      40.000000      17.600000      14.400000   5.166120e+27
      37.775000     142.718400      12.173800    3629.466060      72.698600     198.000000       8.000000      48.000000      12.800000      14.400000   5.979881e+27
      37.561000     142.626690      12.173800    3422.771970      78.443450     198.000000       8.000000      52.000000      19.200000      19.200000   5.639329e+27
      37.347000     142.535000      12.173800    2695.342040      74.695950     198.000000       8.000000      60.000000       4.800000      17.600000   4.440822e+27
      37.133100     142.443410      12.173800    1976.665040      72.238240     198.000000       8.000000      72.000000      14.400000      11.200000   3.256738e+27
      36.919100     142.351700      12.173800    1184.162960      77.221410     198.000000       8.000000      92.000000       1.600000      19.200000   1.951018e+27
      36.705100     142.260100      12.173800    1141.739990      81.674750     198.000000       8.000000      92.000000       3.200000      14.400000   1.881121e+27
      36.491100     142.168400      12.173800    1027.737060      63.554800     198.000000       8.000000      88.000000      12.800000       8.000000   1.693292e+27
      36.277200     142.076710      12.173800     581.225710      72.393190     198.000000       8.000000      88.000000      16.000000       4.800000   9.576230e+26
      36.063200     141.985110      12.173800     828.487980     117.083500     198.000000       8.000000     104.000000      19.200000       6.400000   1.365009e+27
      35.849200     141.893400      12.173800     461.116490     119.470700     198.000000       8.000000     112.000000       6.400000       4.800000   7.597314e+26
      35.635300     141.801800      12.173800     131.619800      60.222530     198.000000       8.000000     132.000000       8.000000       1.600000   2.168557e+26
      35.421300     141.710100      12.173800      26.536860      96.384830     198.000000       8.000000     144.000000       1.600000       9.600000   4.372190e+25
      40.822800     142.853000      38.918100      58.294090      65.086040     198.000000      21.000000     152.000000      11.200000       1.600000   1.633788e+26
      40.608900     142.761090      38.918100     192.176800      72.964160     198.000000      21.000000     140.000000       1.600000       8.000000   5.386075e+26
      40.394900     142.669200      38.918100     411.693790      66.454020     198.000000      21.000000     124.000000       0.000000       0.000000   1.153839e+27
      40.180900     142.577300      38.918100      23.708400      93.917470     198.000000      21.000000     108.000000       0.000000       0.000000   6.644664e+25
      39.966900     142.485310      38.918100     304.290410     123.246000     198.000000      21.000000     104.000000      16.000000       1.600000   8.528243e+26
      39.753000     142.393400      38.918100     463.415100     125.621500     198.000000      21.000000      92.000000      12.800000      16.000000   1.298797e+27
      39.539000     142.301500      38.918100     404.796810     126.568900     198.000000      21.000000      84.000000      11.200000       3.200000   1.134510e+27
      39.325000     142.209590      38.918100     243.533710      71.545990     198.000000      21.000000      68.000000       4.800000       3.200000   6.825432e+26
      39.111100     142.117710      38.918100     604.404600     102.101200     198.000000      21.000000      60.000000      17.600000      14.400000   1.693943e+27
      38.897100     142.025800      38.918100     262.971010      62.693320     198.000000      21.000000      36.000000      19.200000       6.400000   7.370191e+26
      38.683100     141.933900      38.918100     343.467710      62.381610     198.000000      21.000000      28.000000      19.200000       6.400000   9.626248e+26
      38.469100     141.842000      38.918100     386.984590      89.943720     198.000000      21.000000      20.000000       4.800000       4.800000   1.084589e+27
      38.255200     141.750110      38.918100     381.799990      61.540910     198.000000      21.000000      32.000000      16.000000      12.800000   1.070057e+27
      38.041200     141.658200      38.918100     857.898990      81.423040     198.000000      21.000000      44.000000       1.600000      14.400000   2.404405e+27
      37.827200     141.566300      38.918100    1786.505980      98.215520     198.000000      21.000000      64.000000       3.200000       1.600000   5.006981e+27
      37.613300     141.474400      38.918100     768.044980     126.205900     198.000000      21.000000      68.000000       8.000000      12.800000   2.152572e+27
      37.399300     141.382510      38.918100       8.639870     124.344400     198.000000      21.000000      72.000000      16.000000       8.000000   2.421467e+25
      37.185300     141.290600      38.918100      63.620370      85.516310     198.000000      21.000000      80.000000      17.600000       3.200000   1.783065e+26
      36.971400     141.198590      38.918100     819.980590      85.414510     198.000000      21.000000     100.000000      14.400000       1.600000   2.298132e+27
      36.757400     141.106700      38.918100     597.836670      86.089310     198.000000      21.000000     108.000000      11.200000       9.600000   1.675537e+27
      36.543400     141.014800      38.918100     120.483000     124.440900     198.000000      21.000000     120.000000       9.600000       4.800000   3.376734e+26
      36.329400     140.922900      38.918100      63.762470     124.651600     198.000000      21.000000     140.000000       4.800000      12.800000   1.787049e+26
      36.115500     140.830990      38.918100     552.138120      97.502190     198.000000      21.000000     148.000000      17.600000      17.600000   1.547459e+27
      35.901500     140.739110      38.918100     588.271480      64.537670     198.000000      21.000000     160.000000       1.600000       8.000000   1.648727e+27
      35.687500     140.647200      38.918100       6.248740      65.511420     198.000000      21.000000     156.000000       1.600000       1.600000   1.751312e+25
      40.865900     142.677600      44.867000      24.703410      78.640070     198.000000      21.000000     144.000000      12.800000      12.800000   6.923535e+25
      40.652000     142.585690      44.867000     126.842900     102.695300     198.000000      21.000000     132.000000       3.200000       8.000000   3.554982e+26
      40.438000     142.493800      44.867000     216.289000      71.946200     198.000000      21.000000     128.000000      17.600000       1.600000   6.061851e+26
      40.224000     142.401900      44.867000     158.626600     116.452200     198.000000      21.000000     120.000000      19.200000      16.000000   4.445770e+26
      40.010000     142.310000      44.867000     431.798800      86.453160     198.000000      21.000000     112.000000       6.400000      12.800000   1.210187e+27
      39.796100     142.218090      44.867000     442.484010     121.564700     198.000000      21.000000     104.000000       1.600000       3.200000   1.240134e+27
      39.582100     142.126210      44.867000      18.364780     121.542100     198.000000      21.000000      88.000000       6.400000       1.600000   5.147034e+25
      39.368100     142.034300      44.867000      44.962270     118.909600     198.000000      21.000000      68.000000       9.600000       3.200000   1.260141e+26
      39.154200     141.942400      44.867000     297.653020     124.319600     198.000000      21.000000      56.000000       1.600000       3.200000   8.342212e+26
      38.940200     141.850490      44.867000       1.782080      65.942280     198.000000      21.000000      40.000000      17.600000       6.400000   4.994559e+24
      38.726200     141.758610      44.867000      52.607230      97.750980     198.000000      21.000000      32.000000       8.000000       3.200000   1.474404e+26
      38.512200     141.666600      44.867000     576.156980      70.685590     198.000000      21.000000      24.000000       9.600000       9.600000   1.614776e+27
      38.298300     141.574710      44.867000     404.021300      63.339410     198.000000      21.000000      40.000000       3.200000      14.400000   1.132336e+27
      38.084300     141.482800      44.867000    1459.394040      61.123200     198.000000      21.000000      64.000000       6.400000       8.000000   4.090191e+27
      37.870300     141.390900      44.867000    1743.345950      90.018740     198.000000      21.000000      64.000000      16.000000      11.200000   4.886012e+27
      37.656400     141.299000      44.867000     894.846370     121.554700     198.000000      21.000000      64.000000       4.800000      12.800000   2.507955e+27
      37.442400     141.207110      44.867000     220.405590      95.171390     198.000000      21.000000      64.000000      19.200000      11.200000   6.177228e+26
      37.228400     141.115200      44.867000     262.604310     116.519000     198.000000      21.000000      80.000000      19.200000       4.800000   7.359914e+26
      37.014500     141.023300      44.867000     518.471920      88.277590     198.000000      21.000000     104.000000       9.600000       4.800000   1.453103e+27
      36.800500     140.931400      44.867000     378.719300      79.572400     198.000000      21.000000     112.000000      11.200000      11.200000   1.061423e+27
      36.586500     140.839490      44.867000     119.196100      83.784980     198.000000      21.000000     124.000000       1.600000       1.600000   3.340665e+26
      36.372500     140.747600      44.867000     495.028810     116.040100     198.000000      21.000000     136.000000       1.600000       4.800000   1.387401e+27
      36.158600     140.655700      44.867000      22.853660     119.418900     198.000000      21.000000     140.000000       4.800000       3.200000   6.405114e+25
      35.944600     140.563800      44.867000     213.246310      79.883890     198.000000      21.000000     144.000000       8.000000       4.800000   5.976578e+26
      35.730600     140.471890      44.867000      56.704700      98.407190     198.000000      21.000000     144.000000      12.800000       6.400000   1.589243e+26
      40.909000     142.502300      50.815900       2.612860     115.335700     198.000000      21.000000     140.000000       6.400000       1.600000   7.322976e+24
      40.695000     142.410400      50.815900       3.578920      73.573740     198.000000      21.000000     136.000000      19.200000       4.800000   1.003050e+25
      40.481100     142.318500      50.815900      39.661070      66.464580     198.000000      21.000000     132.000000       8.000000       6.400000   1.111567e+26
      40.267100     142.226590      50.815900      43.477710     114.751000     198.000000      21.000000     124.000000       1.600000       1.600000   1.218534e+26
      40.053100     142.134700      50.815900      62.197610      96.172920     198.000000      21.000000     120.000000       1.600000       3.200000   1.743190e+26
      39.839200     142.042690      50.815900      26.693270     129.602600     198.000000      21.000000     112.000000       9.600000      16.000000   7.481229e+25
      39.625200     141.950810      50.815900       3.109410     119.723400     198.000000      21.000000      92.000000      12.800000      19.200000   8.714617e+24
      39.411200     141.858900      50.815900      10.172470      78.867780     198.000000      21.000000      72.000000      11.200000      16.000000   2.851002e+25
      39.197300     141.767000      50.815900      60.914980      83.444190     198.000000      21.000000      60.000000      11.200000       1.600000   1.707242e+26
      38.983300     141.675090      50.815900      27.007880     116.194500     198.000000      21.000000      52.000000      19.200000      12.800000   7.569403e+25
      38.769300     141.583210      50.815900       5.117290      86.142040     198.000000      21.000000      40.000000       9.600000       1.600000   1.434203e+25
      38.555300     141.491300      50.815900       0.061680      89.710120     198.000000      21.000000      36.000000      16.000000      14.400000   1.728715e+23
      38.341400     141.399400      50.815900       8.467790      68.735780     198.000000      21.000000      48.000000      11.200000       4.800000   2.373239e+25
      38.127400     141.307500      50.815900      54.927310      81.521470     198.000000      21.000000      64.000000      16.000000      19.200000   1.539429e+26
      37.913400     141.215610      50.815900      65.626210     105.834500     198.000000      21.000000      68.000000       8.000000       3.200000   1.839283e+26
      37.699500     141.123700      50.815900      51.638230      86.667700     198.000000      21.000000      68.000000       1.600000       8.000000   1.447247e+26
      37.485500     141.031800      50.815900       5.441210      87.358150     198.000000      21.000000      72.000000      12.800000      19.200000   1.524990e+25
      37.271500     140.939900      50.815900      46.685370      96.605110     198.000000      21.000000      88.000000       6.400000      17.600000   1.308435e+26
      37.057500     140.848010      50.815900       9.957580     129.255600     198.000000      21.000000      96.000000      11.200000       8.000000   2.790774e+25
      36.843600     140.756000      50.815900      52.731610     104.507200     198.000000      21.000000     112.000000       1.600000       8.000000   1.477890e+26
      36.629600     140.664090      50.815900      50.031570      93.441090     198.000000      21.000000     124.000000       1.600000      14.400000   1.402217e+26
      36.415600     140.572200      50.815900      59.699790      97.027390     198.000000      21.000000     128.000000      11.200000      17.600000   1.673186e+26
      36.201700     140.480300      50.815900       4.001930      91.426480     198.000000      21.000000     144.000000       1.600000       1.600000   1.121608e+25
      35.987700     140.388400      50.815900      33.818660      62.868180     198.000000      21.000000     140.000000       3.200000      11.200000   9.478243e+25
      35.773700     140.296490      50.815900      19.107250     129.349110     198.000000      21.000000     144.000000      19.200000      11.200000   5.355124e+25
